-3.2184674153105104 -3.218297278029703 -3.2421112548316318 
-2.9417665646793765 -3.080870017933828 -3.000303250729557 
-3.219278516871503 -3.3589971950969546 -4.000286444589436 
-3.0806148248911325 -3.0819848636196294 -3.0003096754527774 
-1.8174998010346697 -1.6884323417324665 -1.7980392636268885 
-1.301518461186381 -1.2995471655650435 -1.2404637571479338 
-1.0403125505970043 -1.0398451513725822 -0.9834846724856476 
-0.9101205532939554 -0.9113330462921125 -0.9597880098308761 
-1.4389932579326483 -1.4394879784220818 -1.4403597429256227 
-1.0806584369970027 -1.0793049467149474 -2.000831340118153 
-0.720432133747857 -0.7201924217922558 -0.780211977805152 
-1.079460714890906 -0.9607508262439102 -1.00016795520896 
-0.21995599999999998 -0.21995599999999998 -0.2 
-0.11 -0.11 -1.0004478209880776 
-0.11 -0.11 0.0 
-0.11 -0.11 -0.1 
-0.19996000000000003 -0.1 -1.0 
-0.1 -0.1 0.0 
-0.1 -0.1 0.0 
-0.1 -0.1 -0.09 
-0.09 -0.09 0.0 
-0.09 -0.09 0.0 
-0.09 -0.09 0.0 
-0.09 -0.09 -0.08 
-0.08 -0.08 0.0 
-0.08 -0.08 -1.00039184333435 
-0.08 -0.08 0.0 
-0.08 -0.08 0.0 
0.0 0.0 0.0 
0.0 0.0 0.0 
0.0 0.0 0.0 
0.0 0.0 0.0 
0.0 0.0 0.0 
0.0 0.0 0.0 
0.0 0.0 0.0 
0.0 0.0 0.0 
0.0 0.0 0.0 
0.0 0.0 0.0 
0.0 0.0 0.0 
0.0 0.0 0.0 
0.0 0.0 0.0 
0.0 0.0 0.0 
0.0 0.0 0.0 
0.0 0.0 0.0 
0.0 0.0 0.0 
0.0 0.0 0.0 
0.0 0.0 0.0 
0.0 0.0 0.0 
0.0 0.0 0.0 
0.0 0.0 0.0 
0.0 0.0 0.0 
0.0 0.0 0.0 
0.0 0.0 0.0 
0.0 0.0 0.0 
0.0 0.0 0.0 
0.0 0.0 0.0 
-0.1 -0.1 0.0 
-0.1 -0.1 0.0 
-0.1 -0.1 0.0 
-0.1 -0.1 -1.0003358656895713 
-0.08 -0.08 0.0 
-0.08 -0.08 0.0 
-0.08 -0.08 0.0 
-0.08 -0.08 -1.0000520192 
0.0 0.0 0.0 
0.0 0.0 0.0 
0.0 0.0 0.0 
0.0 0.0 0.0 
-1.2008854894052292 -1.1994334387059562 -2.0015580368291013 
-0.9605762017557338 -0.9602886331367413 -1.2613111347461636 
-1.0795250537580054 -1.080765910369907 -1.000503798650751 
-1.319184794938852 -1.3193771186905936 -1.2093599169298805 
-0.07 -0.07 0.0 
-0.07 -0.07 0.0 
-0.07 -0.07 -1.0011753852370404 
-0.139972 -0.07 -0.099996 
-0.05 -0.05 0.0 
-0.05 -0.05 0.0 
-0.05 -0.05 0.0 
-0.05 -0.05 -0.07999600000000001 
-0.04 -0.04 0.0 
-0.04 -0.04 0.0 
-0.04 -0.04 0.0 
-0.04 -0.04 -0.06 
-0.03 -0.03 0.0 
-0.03 -0.03 0.0 
-0.03 -0.03 -1.00106342940804 
-0.059988 -0.03 -1.000056 
0.0 0.0 0.0 
0.0 0.0 0.0 
0.0 0.0 0.0 
0.0 0.0 0.0 
0.0 0.0 0.0 
0.0 0.0 0.0 
0.0 0.0 0.0 
0.0 0.0 0.0 
